 (588.5684296806745, 302.5444385546426),
 (707.1890380972012, 302.5444385546426),
 (824.7691148609514, 301.503906901866),
 (944.4302549302548, 300.4633752490895),
 (584.4063030695683, 456.54312316557207),
 (710.310633055531, 455.50259151279556),
 (832.0528364303874, 454.46205986001894),
 (955.8761031107969, 453.42152820724243),
 (580.244176458462, 625.1092509153733),
 (711.3511647083075, 625.1092509153733),
 (841.4176213053762, 623.0281876098202),
 (971.4840779024452, 624.0687192625967),
 (1202.4821048188392, 823.8507965956944),
 (1213.9279529993814, 895.6474806372764),
 (1075.5372431801002, 620.947124304267),
 (1081.7804330967597, 669.852111984765)